INFO: You are running LIKWID in a cpuset with 1 CPUs. Taking given IDs as logical ID in cpuset
--------------------------------------------------------------------------------
CPU name:	AMD EPYC 7702 64-Core Processor                
CPU type:	AMD K17 (Zen2) architecture
CPU clock:	2.00 GHz
--------------------------------------------------------------------------------
s: 
9.0101
x: 
1 1 1 1 1 1 1 1 1 1 1 1 1 1 1 1 
y: 
899.91 899.91 899.91 899.91 899.91 899.91 899.91 899.91 899.91 899.91 899.91 899.91 899.91 899.91 899.91 899.91 
z: 
1305.36 944.91 1305.36 944.91 1305.36 944.91 1305.36 944.91 1305.36 944.91 1305.36 944.91 1305.36 944.91 1305.36 944.91 
w: 
45 45 45 45 45 45 45 45 45 45 45 45 45 45 45 45 
A: 
0.09 0.09 0.09 0.09 0.09 0.09 0.09 0.09 0.09 0.09 0.09 0.09 0.09 0.09 0.09 0.09 
0.09 0.09 0.09 0.09 0.09 0.09 0.09 0.09 0.09 0.09 0.09 0.09 0.09 0.09 0.09 0.09 
0.09 0.09 0.09 0.09 0.09 0.09 0.09 0.09 0.09 0.09 0.09 0.09 0.09 0.09 0.09 0.09 
0.09 0.09 0.09 0.09 0.09 0.09 0.09 0.09 0.09 0.09 0.09 0.09 0.09 0.09 0.09 0.09 
0.09 0.09 0.09 0.09 0.09 0.09 0.09 0.09 0.09 0.09 0.09 0.09 0.09 0.09 0.09 0.09 
0.09 0.09 0.09 0.09 0.09 0.09 0.09 0.09 0.09 0.09 0.09 0.09 0.09 0.09 0.09 0.09 
0.09 0.09 0.09 0.09 0.09 0.09 0.09 0.09 0.09 0.09 0.09 0.09 0.09 0.09 0.09 0.09 
0.09 0.09 0.09 0.09 0.09 0.09 0.09 0.09 0.09 0.09 0.09 0.09 0.09 0.09 0.09 0.09 
0.09 0.09 0.09 0.09 0.09 0.09 0.09 0.09 0.09 0.09 0.09 0.09 0.09 0.09 0.09 0.09 
0.09 0.09 0.09 0.09 0.09 0.09 0.09 0.09 0.09 0.09 0.09 0.09 0.09 0.09 0.09 0.09 
0.09 0.09 0.09 0.09 0.09 0.09 0.09 0.09 0.09 0.09 0.09 0.09 0.09 0.09 0.09 0.09 
0.09 0.09 0.09 0.09 0.09 0.09 0.09 0.09 0.09 0.09 0.09 0.09 0.09 0.09 0.09 0.09 
0.09 0.09 0.09 0.09 0.09 0.09 0.09 0.09 0.09 0.09 0.09 0.09 0.09 0.09 0.09 0.09 
0.09 0.09 0.09 0.09 0.09 0.09 0.09 0.09 0.09 0.09 0.09 0.09 0.09 0.09 0.09 0.09 
0.09 0.09 0.09 0.09 0.09 0.09 0.09 0.09 0.09 0.09 0.09 0.09 0.09 0.09 0.09 0.09 
0.09 0.09 0.09 0.09 0.09 0.09 0.09 0.09 0.09 0.09 0.09 0.09 0.09 0.09 0.09 0.09 

--------------------------------------------------------------------------------
Region function_c, Group 1: MEM_DP
+-------------------+------------+
|    Region Info    | HWThread 0 |
+-------------------+------------+
| RDTSC Runtime [s] |   0.329747 |
|     call count    |          1 |
+-------------------+------------+

+---------------------------+---------+------------+
|           Event           | Counter | HWThread 0 |
+---------------------------+---------+------------+
|      ACTUAL_CPU_CLOCK     |  FIXC1  | 1101714000 |
|       MAX_CPU_CLOCK       |  FIXC2  |  658526200 |
|    RETIRED_INSTRUCTIONS   |   PMC0  | 1100071000 |
|    CPU_CLOCKS_UNHALTED    |   PMC1  | 1098899000 |
| RETIRED_SSE_AVX_FLOPS_ALL |   PMC2  |  199980000 |
|           MERGE           |   PMC3  |          0 |
|       DRAM_CHANNEL_0      |   DFC0  |    6395500 |
|       DRAM_CHANNEL_1      |   DFC1  |    6395298 |
+---------------------------+---------+------------+

+-----------------------------------+------------+
|               Metric              | HWThread 0 |
+-----------------------------------+------------+
|        Runtime (RDTSC) [s]        |     0.3297 |
|        Runtime unhalted [s]       |     0.5519 |
|            Clock [MHz]            |  3339.7004 |
|                CPI                |     0.9989 |
|            DP [MFLOP/s]           |   606.4646 |
|    Memory bandwidth [MBytes/s]    |  2482.5414 |
|    Memory data volume [GBytes]    |     0.8186 |
| Operational intensity [FLOP/Byte] |     0.2443 |
+-----------------------------------+------------+

